-50 -50
-16 -17
20 20
-38 -38
20 20
12 12
-30 -32
14 14
-1 -1
-49 -49
-40 -42
37 37
13 13
-25 -25
-12 -11
-19 -19
-4 -4
-49 -51
-3 -3
-17 -17
-11 -11
51 51
11 11
-31 -29
48 48
14 14
-8 -8
25 25
-26 -26
110 109
-8 -8
-21 -21
-65 -65
8 8
12 11
-40 -40
32 32
-34 -34
98 98
26 26
-28 -28
25 24
43 43
-40 -40
34 34
29 29
102 102
-31 -31
73 74
-29 -29
-18 -18
-20 -24
-11 -11
16 16
15 14
44 44
47 47
-28 -28
33 33
-6 -6
-10 -10
-29 -29
25 24
-33 -33
44 43
21 21
106 106
91 91
10 10
61 61
-50 -50
-7 -7
-33 -33
45 45
-26 -25
21 19
-7 -7
37 37
-20 -20
-40 -40
10 9
-17 -16
-10 -10
-24 -24
-32 -32
-31 -31
23 23
23 23
36 36
49 47
20 20
-92 -92
10 10
-6 -6
24 24
9 9
-77 -77
-14 -14
6 6
-40 -40
-31 -31
16 16
43 43
16 14
-40 -40
-47 -47
29 32
43 43
16 16
2 2
-39 -39
-38 -38
16 16
-17 -17
75 76
33 33
80 80
-25 -25
49 49
-36 -35
22 30
-32 -32
-111 -111
-8 -7
-41 -40
34 34
126 126
34 33
-6 -6
-39 -39
-17 -15
48 48
19 19
44 47
-43 -43
11 12
21 20
-19 -19
44 44
14 14
-8 -9
-19 -19
76 76
-21 -21
-92 -92
-75 -75
22 22
-37 -37
41 41
27 27
-32 -32
-8 -8
-1 -1
15 15
11 8
-44 -44
62 62
-32 -32
-42 -42
18 18
6 6
-40 -40
-41 -41
55 55
-20 -20
-9 -9
-55 -55
-26 -26
-26 -26
-15 -15
11 11
43 43
-13 -15
15 16
69 69
41 41
80 80
-42 -42
63 63
-27 -27
41 40
6 6
8 3
24 24
-45 -45
-12 -13
-22 -22
-9 -7
-9 -9
67 67
-4 -4
30 30
-36 -36
33 33
-43 -43
13 13
-60 -60
-47 -47
74 66
-33 -33
-37 -35
36 36
31 31
-16 -16
-40 -40
49 50
21 21
28 28
0 0
-14 -14
44 44
-73 -73
2 2
46 47
46 46
37 37
-28 -28
35 35
-12 -11
-17 -17
-47 -47
-32 -32
38 38
-37 -37
9 9
-50 -50
6 5
-40 -41
-26 -26
30 31
20 20
36 36
134 134
31 31
12 12
25 25
-27 -27
15 15
13 13
7 7
-12 -12
45 45
-20 -20
-22 -22
17 17
-2 -2
44 44
68 67
12 12
29 29
10 10
-51 -51
27 27
-1 -1
28 29
44 44
46 46
-117 -117
-91 -91
-43 -43
-2 -2
16 16
-3 -3
33 37
-23 -23
-8 -8
-14 -14
-80 -80
16 16
29 29
-50 -46
14 14
-29 -29
39 39
-50 -50
80 80
-25 -25
47 47
-2 -2
-5 -5
-35 -35
-12 -15
-16 -16
-17 -17
-25 -25
-39 -39
-50 -50
-36 -36
22 21
-47 -47
56 56
49 49
-42 -42
-43 -43
40 40
-20 -20
40 41
-18 -18
8 8
-24 -24
33 33
-36 -36
-24 -24
-50 -50
26 26
5 5
-60 -60
-48 -48
-35 -35
41 41
-15 -15
-23 -24
-27 -27
-14 -14
25 25
8 7
-45 -45
47 47
65 65
32 32
47 46
22 21
-59 -59
39 39
28 28
-6 -6
46 46
46 44
-34 -34
-2 -2
15 15
13 13
-48 -48
126 126
-34 -34
35 35
111 111
-1 -1
21 21
-34 -34
-109 -109
-9 -9
78 78
-43 -43
-28 -28
-42 -40
-18 -17
36 36
-53 -53
-22 -22
-7 -7
-12 -12
-6 -6
10 10
-36 -36
36 36
-41 -41
14 16
-38 -37
52 52
27 27
-61 -61
-36 -36
12 12
-17 -17
17 17
26 26
12 12
-15 -15
35 35
47 47
-26 -26
-18 -18
7 7
-1 -2
33 31
-12 -12
-24 -24
36 36
-31 -31
-5 -5
-7 -7
48 48
14 14
-21 -23
-17 -17
-34 -34
-4 -4
-29 -29
68 69
-63 -59
-18 -18
23 23
56 56
43 43
18 7
19 19
-25 -25
-87 -87
14 14
45 45
21 21
-43 -43
-9 -9
46 46
32 32
-5 -5
83 83
-21 -21
-8 -8
-14 -14
30 30
10 10
12 12
8 8
14 14
-5 -4
-49 -49
-5 -5
-13 -13
83 84
8 8
47 49
-11 -11
-26 -26
-29 -29
38 38
16 16
-48 -48
-43 -40
-16 -22
27 27
-48 -48
25 25
-26 -26
-41 -41
103 103
-39 -39
74 79
26 26
17 17
-21 -21
16 16
9 9
-37 -37
27 27
-17 -18
15 15
37 37
-50 -50
-18 -18
51 51
47 47
-20 -20
-24 -24
-9 -8
-8 -8
-36 -36
13 13
-2 -2
41 41
-5 -5
23 23
-33 -33
109 109
-39 -39
-34 -34
90 90
-20 -19
-38 -38
11 11
31 31
25 25
40 40
23 23
8 8
30 31
35 35
30 31
48 49
30 30
12 12
-5 -5
20 18
-4 -4
101 102
-2 -1
-129 -129
19 19
-18 -18
-25 -25
62 62
-33 -33
-3 -3
-5 -5
36 36
20 20
36 36
10 9
-24 -24
-39 -39
47 47
-8 -7
25 25
30 31
34 34
-70 -70
-129 -129
-17 -17
38 38
-19 -19
68 70
-15 -14
97 97
-14 -15
-64 -66
-15 -15
-3 -3
-18 -18
-21 -21
49 49
48 48
24 24
-40 -40
-14 -14
-30 -30
-46 -46
-82 -82
42 47
-26 -26
-47 -48
-21 -20
29 29
7 7
8 8
-31 -30
-7 -6
28 28
35 35
48 47
-28 -26
-7 -7
-33 -33
27 27
-16 -16
27 27
-13 -13
25 25
-1 -1
-28 -28
16 16
-35 -35
-21 -21
-33 -34
118 117
-38 -38
-20 -19
-2 -3
29 29
43 42
-15 -15
14 14
-7 -10
-40 -40
-36 -36
29 29
-10 -10
-60 -60
-14 -14
41 41
13 13
-18 -18
-29 -29
30 29
15 14
28 28
-26 -26
-108 -108
-27 -27
12 12
11 11
46 46
67 67
60 60
33 33
23 22
13 14
-37 -37
-5 -5
-111 -111
-16 -16
85 85
-20 -20
45 45
-19 -19
-97 -97
-13 -15
1 1
-49 -49
-4 -4
-11 -11
0 0
-79 -78
-40 -39
-48 -52
-41 -41
-36 -36
-73 -73
22 22
42 42
38 38
36 36
83 83
28 28
30 30
-3 -3
-47 -47
-52 -52
81 81
-29 -29
-26 -24
23 23
15 15
14 14
-4 3
133 133
67 67
20 20
39 39
-15 -15
-99 -99
29 29
3 3
-68 -68
19 19
-43 -43
41 41
-20 -22
-1 -1
43 43
-32 -32
50 50
-45 -45
8 8
25 25
34 35
28 26
32 32
-10 -2
27 26
-7 -7
34 34
-1 -1
40 40
-2 -2
35 35
-20 -20
-2 -2
-35 -35
24 24
-80 -80
-4 -4
-60 -60
34 34
-1 -1
-52 -52
-42 -42
-23 -23
26 26
-1 -1
-2 -2
44 52
-46 -46
-35 -35
-64 -64
47 47
-12 -13
-48 -48
41 40
-36 -34
-87 -88
19 19
58 58
171 171
20 20
31 38
17 16
-24 -24
-6 -6
-1 -1
-40 -40
-3 -3
3 3
92 92
-9 -9
99 99
49 49
-63 -63
0 0
30 30
9 9
24 23
-50 -50
-13 -11
-29 -29
-24 -24
37 37
-21 -23
39 39
16 16
62 62
-37 -37
-10 -10
49 49
-41 -41
78 78
25 25
-40 -40
40 40
-11 -11
-28 -28
-6 -6
11 11
-5 -5
37 37
36 36
18 18
-61 -59
125 125
21 21
-36 -36
4 4
5 5
9 9
-20 -21
-87 -87
36 42
34 34
106 106
-4 -4
48 50
-32 -32
-14 -14
-5 -5
-39 -39
10 11
47 47
71 71
15 15
-27 -27
7 7
-24 -24
-50 -50
-5 -5
-10 -10
18 18
-12 -12
43 43
36 36
-22 -22
-38 -38
-21 -21
45 45
-32 -32
13 13
13 13
-29 -29
-75 -75
-85 -85
-49 -49
-79 -79
-30 -30
32 32
-31 -31
45 45
12 12
77 77
48 48
10 10
47 47
-33 -33
23 25
-16 -16
23 23
27 27
-10 -10
-86 -86
-6 -7
5 5
-30 -30
-6 -6
38 38
-32 -31
20 20
33 31
15 15
14 14
-38 -38
-1 -1
-39 -39
17 17
-44 -42
47 46
101 101
46 46
-48 -48
-19 -11
16 16
-14 -14
36 36
-7 -7
40 40
31 31
-36 -36
35 35
-35 -35
-44 -46
-108 -107
-43 -43
-8 -8
-97 -97
-12 -12
63 63
-20 -20
-54 -54
-31 -32
12 14
17 17
-55 -55
22 22
-39 -39
-16 -16
16 16
-46 -46
55 55
-24 -24
49 49
-109 -109
50 50
64 64
-39 -39
39 40
-2 -2
-16 -16
-62 -62
33 33
44 42
-17 -24
19 19
-3 -2
-91 -91
34 34
-91 -91
14 14
46 46
8 11
33 33
29 29
34 34
-27 -26
74 74
21 21
-24 -24
-50 -50
90 90
-9 -9
-4 -6
-9 -9
-38 -38
-17 -17
9 9
16 17
36 36
-46 -46
-33 -33
8 8
-21 -21
-49 -49
14 14
-47 -47
-23 -23
-6 -6
-44 -44
15 15
-41 -42
-12 -12
21 21
35 35
-10 -10
-50 -50
17 17
18 18
-42 -41
45 44
-40 -40
30 30
17 17
18 18
-35 -35
-1 -1
-97 -97
-39 -39
-48 -48
-17 -17
34 34
-127 -127
-9 -9
-107 -107
14 14
27 27
-65 -65
31 31
78 78
32 32
31 31
45 43
-48 -46
-44 -44
-41 -41
18 20
-29 -29
-28 -28
16 16
35 35
-54 -54
44 44
-46 -46
5 5
24 24
61 61
-7 -7
31 31
-1 -1
-37 -36
-46 -46
-93 -91
-16 -16
-63 -63
30 30
-11 -11
-23 -23
8 8
-42 -42
13 12
-26 -26
-42 -40
-90 -90
48 48
14 14
38 39
-2 -2
22 20
-32 -35
-30 -29
8 8
-39 -39
7 7
19 19
48 48
-12 -12
-18 -18
-1 -1
34 34
-25 -25
-10 -10
15 15
39 39
-18 -18
31 31
-63 -63
-75 -75
-95 -95
-42 -43
-41 -41
27 27
-6 -6
30 30
-22 -21
23 23
53 52
39 39
9 9
13 13
-36 -34
-9 -10
-7 -5
107 109
-13 -13
17 17
22 21
-36 -35
29 29
-23 -23
-72 -73
-41 -41
-16 -16
-19 -19
-32 -32
-35 -35
40 42
-56 -56
15 15
9 9
-37 -36
30 30
6 6
34 34
-35 -35
46 46
48 48
-17 -17
31 31
43 43
-5 -11
-92 -92
49 49
-39 -38
9 9
6 6
40 40
-27 -27
-15 -15
-30 -30
-6 -6
-5 -5
-27 -26
20 24
14 14
-15 -15
136 135
44 44
41 41
30 30
40 40
15 15
25 25
24 24
-32 -32
91 91
-42 -42
-49 -49
-9 -9
-8 -8
-11 -11
22 22
-47 -47
-22 -20
-45 -45
72 72
12 12
-94 -94
-8 -8
-45 -45
27 27
97 91
-50 -50
-27 -27
25 25
-9 -9
-29 -29
29 29
-32 -32
-28 -28
108 108
-34 -34
-21 -11
-18 -18
-4 -4
-18 -18
-45 -45
-3 -3
-8 -8
-19 -19
-1 -1
14 14
18 18
-12 -12
46 46
-43 -43
-31 -31
-30 -30
35 35
-27 -27
-16 -16
-36 -37
8 8
-48 -48
24 24
41 41
18 18
-18 -18
-17 -17
-9 -9
30 30
-128 -128
-38 -38
-3 -3
-20 -20
41 41
-42 -42
-40 -40
16 16
25 24
-32 -32
-77 -77
-8 -8
21 21
-21 -21
-41 -33
47 47
70 70
-16 -16
-34 -35
-24 -24
28 28
36 36
62 62
-22 -21
-50 -50
-25 -25
34 34
27 27
37 37
-10 -10
-42 -41
-57 -57
-6 -6
-11 -11
-37 -37
21 21
-40 -40
-22 -22
41 41
-7 -7
-55 -56
6 6
-1 -1
-8 -8
-48 -48
-39 -39
-47 -47
-8 -7
48 48
-41 -41
29 29
-14 -14
-35 -35
-112 -112
29 30
46 46
11 7
2 2
18 18
-23 -23
47 47
-38 -38
53 53
-10 -11
11 11
49 49
46 46
5 5
32 32
10 10
38 38
-34 -33
68 68
43 43
0 0
90 90
43 43
24 29
32 32
40 40
10 9
10 10
-28 -28
-9 -9
-3 -3
18 17
16 16
-34 -34
102 102
-6 -6
24 24
102 102
-3 -3
-17 -17
34 33
-7 -7
40 41
21 21
-42 -42
-11 -11
9 5
-127 -127
54 54
-16 -16
38 38
48 48
-5 -5
17 17
-55 -55
40 40
76 76
13 13
-13 -13
-33 -33
21 21
-24 -24
38 39
22 22
-50 -49
-44 -44
-48 -48
-15 -15
-47 -47
31 31
-22 -22
-12 -12
-90 -90
-20 -20
-26 -25
-14 -14
17 18
19 19
-25 -25
15 15
-40 -40
33 33
-5 -5
60 60
20 20
-26 -26
-19 -19
-33 -33
-19 -19
6 9
16 16
2 2
-22 -22
32 32
14 14
-5 -5
-101 -101
-19 -19
-32 -31
49 49
41 41
-24 -24
-30 -30
20 20
-31 -32
-38 -38
-28 -28
-44 -42
28 28
11 11
-50 -50
-29 -28
-40 -38
5 5
29 29
29 29
-70 -70
-29 -27
18 18
41 39
-6 -6
36 36
-13 -13
-20 -20
-74 -72
10 10
-32 -32
46 46
-14 -14
43 43
-25 -24
15 15
-23 -24
-1 -1
-48 -48
-52 -52
-7 -8
-15 -15
20 20
-31 -31
47 47
-51 -51
97 97
-23 -23
28 30
34 34
-9 -9
-29 -29
159 159
35 35
-42 -42
20 20
18 18
-89 -89
-43 -43
-20 -20
19 19
-8 -8
-29 -29
-41 -41
-20 -20
-2 -2
-50 -50
13 13
-38 -38
-22 -22
110 110
21 21
-34 -34
23 23
28 28
30 31
-27 -27
-28 -28
-11 -11
-8 -8
-72 -72
10 9
25 25
20 20
-12 -12
30 30
-49 -49
18 17
13 13
47 55
40 40
36 36
65 65
39 39
-41 -41
-49 -49
-80 -80
19 19
-11 -11
-5 -5
16 16
81 81
-19 -19
-26 -26
-30 -30
9 9
24 24
-14 -14
18 18
24 24
-30 -30
14 14
-11 -11
18 18
32 32
18 18
22 21
6 6
-32 -32
-46 -45
48 48
-22 -22
25 25
-26 -26
-18 -18
25 25
32 32
26 25
24 24
-35 -36
15 15
43 43
34 34
50 50
13 13
20 20
11 11
12 11
-28 -28
37 37
35 35
-26 -25
-7 -7
-35 -35
-15 -15
3 1
17 17
-27 -27
-22 -22
-12 -12
49 48
55 55
-95 -95
-14 -14
-11 -10
-42 -42
-88 -88
22 22
-13 -13
-47 -47
