-661 463
210 -81
259 -66
957 590
-519 -269
245 55
-706 768
-1070 -1059
-21 -22
-1674 -984
-117 48
-698 -676
-318 57
165 -3
798 43
-195 -138
230 -134
-177 -193
-288 -306
-222 -239
-104 -17
-632 -3
-370 227
-1266 -139
405 -202
-1270 109
-7 25
-1688 -562
-814 -457
-120 -89
-727 -408
-448 151
-608 -601
85 -30
-670 742
-329 -337
239 -6
143 5
-717 583
-573 -552
-391 -275
-140 -40
85 1
221 -172
-963 -24
10 -5
131 15
838 -510
-471 -117
-443 467
87 14
-402 241
868 173
-271 79
-633 -62
48 5
594 -161
411 -72
-81 65
-419 213
125 -44
323 -178
131 -76
821 72
363 103
-891 -676
-1338 -289
-212 243
382 -151
135 -116
567 -176
-556 -179
-141 -6
17 -3
-547 -561
367 -284
-147 133
237 -3
-726 -611
379 125
419 -180
-118 -142
-853 -185
-398 -310
-185 292
-1050 372
-676 -687
-1115 -755
-873 -693
-534 -431
481 58
-267 -288
536 -285
404 -55
-977 -3
732 415
-1010 -334
464 -396
-613 761
-318 -317
-144 -52
141 -33
-910 -117
-814 626
231 -2
618 100
-380 -146
-286 243
-103 -96
-139 -124
-1006 277
-124 232
-195 -203
-115 69
-942 764
-416 229
-530 174
395 296
-486 -188
239 -25
121 62
-555 -488
201 -180
-376 242
-366 -174
-416 83
-204 -100
-301 480
-388 261
64 -54
-195 214
-265 -223
279 -132
-143 -130
-365 -329
-431 -439
902 81
-616 -625
264 -56
-188 44
-167 -87
-225 261
-517 -188
654 -94
-431 -13
-559 -372
-853 -639
212 -169
-716 -202
-708 -131
350 -301
-1152 -1085
-498 145
333 14
-1169 -313
574 -225
779 156
-547 -535
-298 110
125 -43
-594 736
-494 -507
30 4
-453 -10
-949 -810
-106 65
-154 293
332 -175
311 226
-830 -524
-138 -141
-18 40
-557 -574
620 87
101 -33
-160 183
-239 -238
118 -18
-238 -192
370 -81
288 -78
-438 333
-612 -587
309 -46
-610 -435
-568 -573
-1182 -1145
-169 -78
-450 123
238 -8
-544 363
-358 -43
-844 -286
-765 95
77 -7
-320 -23
301 -158
-631 -618
-341 -332
-454 -184
-67 114
870 -176
-549 -560
-677 -391
-900 -463
-19 68
-231 -61
718 186
-295 -274
-373 -53
-594 -203
505 215
-1595 265
986 117
-278 -26
-22 43
-323 -340
-914 -88
-901 -121
181 -98
-342 -221
-435 -439
-97 211
887 20
217 -31
181 -108
-439 613
-96 243
-514 -241
874 -397
-22 -22
832 -173
-96 194
816 -134
-236 422
306 -190
-697 -695
-646 135
520 -10
-1805 -1447
-280 -97
-378 -380
-129 -137
-274 -153
-883 -817
-610 495
-789 -753
231 -74
-452 -453
-1014 -749
-671 -130
-179 -188
-643 498
280 -175
19 16
-447 24
-322 136
-893 336
-2053 -1883
539 59
-420 -437
200 -47
968 -259
-731 798
-1276 -706
-1150 430
-560 -10
1078 -308
-463 -59
-371 447
-405 -239
-570 587
118 -10
270 -54
-159 197
-212 21
-672 707
-792 900
-2100 431
-854 -869
-22 -32
-538 -40
-457 -169
-521 32
-420 267
423 -347
373 -220
-579 695
-118 133
804 400
-732 345
148 91
-105 138
-342 -306
-263 216
-257 382
-92 -13
-144 245
-518 -112
166 51
-171 91
23 2
-20 -33
-18 41
-278 -294
-215 -34
-778 194
318 -197
-262 -226
-779 215
190 -126
-148 -119
589 -119
-519 -498
366 -37
-624 463
-306 -164
-159 -27
-569 35
-672 -651
-549 -354
247 -160
-607 125
263 -80
723 -408
-794 -179
-175 -179
219 -105
-896 660
-9 28
-153 -70
-375 -312
-409 66
-658 -627
1374 141
182 -142
266 -218
-586 721
-836 216
-1080 -532
-1168 866
91 -79
-872 -55
-440 458
-353 423
-189 396
584 61
-1074 -971
101 12
-338 155
-476 440
230 -156
-747 159
231 -91
189 28
183 54
-402 31
-1436 -951
-1390 -1349
-537 -227
376 145
45 -30
349 -193
-964 -690
-317 -344
-929 -339
-258 -273
-746 -751
-428 162
-700 22
-583 -464
-614 -49
112 -59
-282 56
-67 158
-175 347
-1035 -532
-254 -147
367 -329
677 -152
1212 -757
-679 -246
-589 -293
-515 -4
-1517 -1010
-596 -584
-7 30
115 6
-1037 -506
505 141
-358 274
-721 -745
-510 608
-371 -184
-1233 -1234
1069 204
-169 140
-633 -603
-519 -265
-430 -283
139 -18
-278 -196
27 20
659 -253
-260 -229
-518 -59
-812 251
-116 171
-314 112
132 40
-283 -212
-258 107
67 29
226 27
-556 -120
-842 -274
-774 -229
-176 -180
-550 80
-366 277
740 71
363 99
-1552 -1040
-94 154
-826 -735
-173 61
-674 -663
112 31
313 -189
900 -243
426 -16
339 269
567 70
-856 438
40 -9
175 -30
-54 78
1514 -612
418 68
-1154 -125
-160 -18
-713 -714
214 -171
-939 234
-578 440
-984 22
5 6
-77 69
797 -44
-1197 -909
-1022 -693
53 -23
-183 -137
638 -431
-142 176
525 -474
-760 -139
-171 18
-386 167
-153 42
1192 -182
1008 -438
241 -19
-313 -313
759 -276
-815 -809
336 -38
494 -29
-1080 -764
-366 -361
-47 -43
-963 148
320 145
-313 168
-15 33
-42 -43
-941 -830
-239 437
-977 95
704 -138
72 10
634 -379
-306 397
-681 246
465 337
-228 -235
-61 40
569 -137
389 -188
617 -162
-963 -292
263 -35
265 -58
118 -11
930 -256
787 -14
-143 109
-425 -440
-870 -11
-812 -81
-432 17
-756 -674
-502 -462
-805 -829
282 -172
-355 -104
-527 49
-451 -190
-220 219
-110 -111
-920 -362
176 -24
-790 -579
382 -142
-654 -354
753 283
-451 -454
-315 -7
-709 -161
-272 155
515 -7
-53 -64
-230 -139
-252 -221
-366 456
-545 18
-120 130
-711 -38
248 -92
-396 -180
-494 -238
-955 -247
-960 -713
-318 598
-27 -39
-530 -386
-293 -183
102 -61
-795 -348
-510 -81
-883 -171
-524 552
-1036 -288
-583 -586
-841 -239
-389 -398
-97 -14
-112 167
-65 53
-623 54
-1285 -930
345 45
-794 -804
-531 -368
471 219
47 -23
-919 -282
-719 92
825 -121
393 54
346 -193
891 -305
200 1
-614 -467
-752 -759
383 -204
668 64
-108 128
470 -183
-72 152
422 -252
-218 87
-1224 -750
-860 -863
-397 427
-774 -706
-434 -457
-730 -545
1000 36
-633 -454
-451 6
163 -71
10 3
371 -85
-547 278
-601 -328
178 -103
-215 353
-172 130
-609 -611
-354 -357
-100 208
439 -245
-328 -22
-159 -181
-206 80
-496 262
-707 -623
-275 78
426 238
-1446 101
75 -10
-730 394
-605 -594
-443 -344
-388 -66
95 -68
211 112
-476 -505
-230 -226
45 -15
-677 401
-514 -533
-218 -140
89 -38
-256 250
-570 -352
-262 351
-254 -147
-542 -545
357 -184
-321 -296
-523 -232
69 1
579 -226
-1121 56
-873 -575
-706 -721
520 -273
72 -56
201 -2
-407 -403
23 6
-799 -705
-930 420
-282 -296
-97 223
-903 -254
114 78
-199 47
-654 -310
768 479
140 23
334 -125
-387 52
644 -16
-59 71
-365 -67
-263 21
389 -94
170 159
391 -182
329 -6
-923 -743
611 -188
239 -134
-73 -94
-287 251
284 -104
-522 374
529 122
-83 -16
-1493 -1165
-979 -411
497 -290
-265 70
149 18
-167 -55
-121 203
25 15
-83 153
-247 61
-759 -116
-87 166
111 5
-32 56
-344 456
-496 30
-59 142
297 -188
-497 -504
-308 -316
-185 14
-869 1228
175 -23
317 -68
166 33
-619 721
955 -178
-498 -236
-217 313
-187 -195
-302 434
-334 74
670 -103
132 -54
473 -45
-789 276
431 233
210 19
1268 -857
-649 -194
412 -14
-285 185
-1018 -486
-668 666
-231 -234
97 -42
-1101 32
-838 337
-1145 -72
-882 -598
-205 348
-378 158
-1162 -943
1083 -936
-40 -55
-537 -538
-287 -281
5 12
-364 -294
65 0
436 138
195 -36
-110 -101
-822 -385
-788 -784
-172 81
-459 -235
613 -94
-181 -79
-924 -758
-1313 1012
113 -72
37 16
-413 576
29 -7
190 -131
-226 -133
91 -5
-849 967
105 -6
-496 -466
82 5
-934 -936
633 -480
-421 44
-770 -712
-147 276
-522 -238
1031 331
-146 -19
-495 202
-202 -125
467 -210
855 241
257 88
-1361 -281
-861 -857
-450 360
-388 126
370 -171
-421 -442
-849 -643
37 -16
-265 -153
-958 203
622 79
-15 -25
-121 148
-880 -882
-656 -534
-534 641
858 93
716 -338
-67 17
-383 482
-987 939
549 -90
455 -172
506 335
138 -32
-124 145
458 -146
-503 537
431 94
-1668 -125
-402 41
-294 -320
-521 -536
-658 -90
-506 -490
-929 99
-223 144
-404 300
-27 -22
253 -29
-4 12
-620 154
313 -78
-681 102
-272 -258
-216 294
-1193 -862
-476 291
-240 282
21 18
6 -1
420 -36
-828 -819
741 -323
156 -43
-555 -541
112 31
-843 -94
-27 78
-743 465
296 -28
-475 -164
-277 438
173 127
-682 -572
1035 -346
-279 -42
65 -23
218 -3
103 41
391 -52
350 -127
-168 3
-426 -157
-92 -118
410 -170
332 -156
437 -211
-202 409
-760 818
-869 -293
-810 -769
-59 32
320 -21
-549 85
322 -64
-838 -377
35 -30
-331 -147
-325 -277
-786 -763
-561 -567
-283 -199
-483 -481
-222 -143
713 -402
-847 -855
-790 -614
23 35
-934 -893
1167 681
-87 201
-229 282
-323 -282
-1043 -418
642 -112
-21 50
176 24
-71 55
-1245 -484
-74 -32
319 -246
-169 234
-1134 -823
52 -32
531 -16
-174 -102
147 110
81 -58
-90 -97
-278 424
0 9
57 34
-1022 -979
728 -498
-790 -813
-903 602
-113 -119
-499 -466
-372 -393
-642 -214
-239 -209
-450 -30
-469 595
619 372
-136 -39
-41 73
318 -242
-669 -466
-602 -12
-642 -631
405 -111
-91 -107
-494 -232
150 -40
379 7
125 71
481 -30
-928 -356
-501 -162
-773 369
-253 387
-1023 1370
201 -31
-755 457
111 -20
-268 279
-13 3
96 32
-42 -2
204 -141
-752 -233
-1011 -106
-747 -76
512 22
-316 418
-458 449
-638 -82
502 -57
-935 506
325 -22
-1012 -944
-295 -13
270 -166
-875 921
778 -219
311 -149
-406 157
-490 -171
744 174
-1060 -41
-319 -94
166 -16
-230 139
-505 -361
-292 -168
-557 191
303 -46
-831 -31
-584 387
-537 -190
-247 -180
98 -9
530 157
-617 290
-513 -533
903 -348
-185 118
-321 -45
-449 454
122 -60
-169 0
-1494 224
-752 -151
-3 5
-34 29
-10 -14
-133 239
-727 -594
-349 227
-796 194
542 -409
-743 -574
199 161
-642 -475
-6 4
-1158 -587
21 31
454 -344
53 7
169 143
-220 217
151 30
-220 -239
-150 -167
17 -5
678 53
194 0
119 -79
-197 337
-454 -314
-1060 -589
-1191 -1179
-528 371
-11 54
-1256 -1026
-176 -183
23 -13
773 -680
495 177
74 22
-474 447
-960 -460
