-661 407
210 -59
259 -60
957 611
-519 -284
245 59
-706 718
-1070 -1067
-21 -30
-1674 -1004
-117 -60
-698 -626
-318 112
165 45
798 45
-195 -175
230 -135
-177 -189
-288 -302
-222 -240
-104 5
-632 30
-370 190
-1266 -17
405 -282
-1270 138
-7 19
-1688 -567
-814 -468
-120 -125
-727 -382
-448 204
-608 -617
85 -18
-670 724
-329 -336
239 32
143 11
-717 610
-573 -579
-391 -277
-140 -62
85 36
221 -155
-963 -32
10 12
131 -8
838 -514
-471 -113
-443 448
87 20
-402 263
868 177
-271 57
-633 -102
48 7
594 -199
411 -64
-81 107
-419 149
125 -45
323 -170
131 -84
821 82
363 106
-891 -660
-1338 -349
-212 248
382 -159
135 -120
567 -208
-556 -274
-141 17
17 15
-547 -538
367 -318
-147 155
237 -4
-726 -603
379 119
419 -175
-118 -145
-853 -122
-398 -233
-185 243
-1050 372
-676 -691
-1115 -798
-873 -717
-534 -366
481 58
-267 -289
536 -249
404 -46
-977 33
732 408
-1010 -366
464 -399
-613 746
-318 -319
-144 -59
141 -27
-910 -104
-814 603
231 5
618 84
-380 -122
-286 264
-103 -32
-139 -145
-1006 263
-124 212
-195 -193
-115 27
-942 771
-416 116
-530 135
395 293
-486 -216
239 -27
121 64
-555 -482
201 -153
-376 254
-366 -193
-416 62
-204 -163
-301 440
-388 136
64 -57
-195 156
-265 -216
279 -133
-143 -131
-365 -265
-431 -437
902 64
-616 -628
264 35
-188 -9
-167 -97
-225 256
-517 -118
654 -98
-431 -5
-559 -415
-853 -628
212 -176
-716 -173
-708 -106
350 -308
-1152 -1130
-498 226
333 -2
-1169 -298
574 -229
779 160
-547 -467
-298 110
125 -29
-594 716
-494 -501
30 9
-453 -9
-949 -788
-106 66
-154 294
332 -166
311 224
-830 -531
-138 -136
-18 29
-557 -556
620 99
101 -31
-160 190
-239 -234
118 -19
-238 -193
370 -106
288 -74
-438 357
-612 -547
309 -46
-610 -473
-568 -590
-1182 -1178
-169 -46
-450 105
238 3
-544 237
-358 -77
-844 -254
-765 88
77 23
-320 -112
301 -159
-631 -622
-341 -328
-454 -195
-67 136
870 -160
-549 -556
-677 -429
-900 -469
-19 82
-231 -73
718 234
-295 -301
-373 -111
-594 -279
505 266
-1595 286
986 86
-278 -54
-22 37
-323 -352
-914 -117
-901 -140
181 -113
-342 -186
-435 -437
-97 207
887 21
217 -44
181 -84
-439 612
-96 243
-514 -251
874 -355
-22 -6
832 -149
-96 137
816 -133
-236 453
306 -99
-697 -694
-646 196
520 -10
-1805 -1351
-280 -123
-378 -343
-129 -129
-274 -200
-883 -871
-610 539
-789 -791
231 -74
-452 -422
-1014 -669
-671 -126
-179 -202
-643 540
280 -174
19 -2
-447 83
-322 159
-893 264
-2053 -1866
539 60
-420 -430
200 -51
968 -176
-731 795
-1276 -725
-1150 435
-560 -81
1078 -292
-463 -41
-371 447
-405 -231
-570 582
118 36
270 -61
-159 153
-212 2
-672 715
-792 908
-2100 483
-854 -865
-22 -35
-538 33
-457 -208
-521 61
-420 302
423 -343
373 -219
-579 675
-118 85
804 401
-732 402
148 100
-105 135
-342 -311
-263 259
-257 451
-92 -19
-144 255
-518 -99
166 46
-171 103
23 1
-20 -33
-18 38
-278 -288
-215 -21
-778 210
318 -196
-262 -155
-779 210
190 -149
-148 -117
589 -79
-519 -471
366 -44
-624 429
-306 -199
-159 16
-569 62
-672 -673
-549 -353
247 -161
-607 153
263 -91
723 -409
-794 -206
-175 -177
219 -107
-896 621
-9 17
-153 -121
-375 -261
-409 115
-658 -649
1374 116
182 -140
266 -213
-586 699
-836 186
-1080 -579
-1168 820
91 -89
-872 -73
-440 461
-353 331
-189 398
584 53
-1074 -1005
101 -26
-338 224
-476 444
230 -153
-747 164
231 -77
189 48
183 43
-402 75
-1436 -902
-1390 -1379
-537 -265
376 143
45 -33
349 -209
-964 -629
-317 -345
-929 -320
-258 -277
-746 -748
-428 172
-700 -76
-583 -473
-614 -42
112 -42
-282 73
-67 177
-175 342
-1035 -511
-254 -122
367 -314
677 -142
1212 -758
-679 -198
-589 -371
-515 78
-1517 -888
-596 -598
-7 25
115 5
-1037 -570
505 136
-358 319
-721 -739
-510 688
-371 -164
-1233 -1234
1069 161
-169 150
-633 -652
-519 -264
-430 -287
139 -13
-278 -204
27 18
659 -254
-260 -176
-518 -103
-812 214
-116 135
-314 176
132 41
-283 -155
-258 139
67 37
226 23
-556 -68
-842 -197
-774 -187
-176 -188
-550 31
-366 202
740 72
363 103
-1552 -1036
-94 145
-826 -732
-173 71
-674 -644
112 29
313 -201
900 -326
426 -52
339 269
567 38
-856 402
40 -15
175 -31
-54 73
1514 -597
418 66
-1154 -159
-160 19
-713 -689
214 -166
-939 272
-578 470
-984 54
5 3
-77 72
797 -42
-1197 -891
-1022 -736
53 -24
-183 -133
638 -445
-142 188
525 -460
-760 -119
-171 -9
-386 156
-153 23
1192 -170
1008 -423
241 -18
-313 -294
759 -251
-815 -806
336 -79
494 -29
-1080 -714
-366 -368
-47 -47
-963 125
320 152
-313 138
-15 27
-42 -56
-941 -779
-239 447
-977 67
704 -129
72 20
634 -286
-306 379
-681 235
465 339
-228 -229
-61 13
569 -129
389 -181
617 -216
-963 -289
263 -23
265 -64
118 -12
930 -283
787 -105
-143 49
-425 -448
-870 17
-812 -52
-432 45
-756 -646
-502 -512
-805 -826
282 -174
-355 -112
-527 37
-451 -190
-220 232
-110 -109
-920 -285
176 -18
-790 -518
382 -141
-654 -403
753 217
-451 -446
-315 -12
-709 -196
-272 194
515 -12
-53 -67
-230 -126
-252 -233
-366 456
-545 25
-120 155
-711 -7
248 -98
-396 -172
-494 -253
-955 -279
-960 -718
-318 590
-27 -35
-530 -408
-293 -156
102 -60
-795 -277
-510 -122
-883 -152
-524 528
-1036 -257
-583 -589
-841 -260
-389 -370
-97 7
-112 170
-65 49
-623 86
-1285 -912
345 52
-794 -774
-531 -277
471 239
47 -23
-919 -300
-719 138
825 -137
393 124
346 -196
891 -298
200 20
-614 -497
-752 -752
383 -201
668 44
-108 124
470 -181
-72 170
422 -248
-218 85
-1224 -739
-860 -869
-397 354
-774 -653
-434 -459
-730 -551
1000 -8
-633 -440
-451 42
163 -68
10 1
371 -78
-547 307
-601 -286
178 -53
-215 349
-172 133
-609 -612
-354 -361
-100 164
439 -245
-328 31
-159 -169
-206 62
-496 317
-707 -627
-275 43
426 236
-1446 140
75 -21
-730 392
-605 -618
-443 -307
-388 -61
95 -63
211 102
-476 -505
-230 -230
45 -6
-677 377
-514 -537
-218 -148
89 -42
-256 317
-570 -323
-262 440
-254 -131
-542 -547
357 -239
-321 -317
-523 -202
69 -6
579 -266
-1121 55
-873 -536
-706 -712
520 -274
72 -53
201 4
-407 -340
23 25
-799 -704
-930 410
-282 -294
-97 222
-903 -287
114 79
-199 39
-654 -419
768 477
140 -15
334 -128
-387 116
644 -31
-59 52
-365 -71
-263 17
389 -116
170 160
391 -201
329 3
-923 -721
611 -190
239 -93
-73 -94
-287 246
284 -93
-522 314
529 120
-83 -81
-1493 -1182
-979 -409
497 -292
-265 11
149 40
-167 -58
-121 249
25 6
-83 158
-247 111
-759 -155
-87 167
111 12
-32 44
-344 452
-496 47
-59 133
297 -180
-497 -495
-308 -329
-185 -12
-869 1198
175 -19
317 -80
166 30
-619 708
955 -177
-498 -247
-217 293
-187 -191
-302 428
-334 103
670 -188
132 -49
473 -76
-789 286
431 228
210 15
1268 -877
-649 -180
412 -29
-285 294
-1018 -486
-668 673
-231 -228
97 -42
-1101 56
-838 308
-1145 -61
-882 -611
-205 343
-378 186
-1162 -992
1083 -936
-40 -52
-537 -535
-287 -282
5 8
-364 -272
65 0
436 139
195 -27
-110 -71
-822 -447
-788 -796
-172 122
-459 -174
613 -96
-181 -48
-924 -767
-1313 1130
113 -53
37 8
-413 552
29 -9
190 -135
-226 -143
91 -3
-849 910
105 14
-496 -480
82 7
-934 -931
633 -460
-421 92
-770 -711
-147 276
-522 -279
1031 287
-146 -96
-495 254
-202 -132
467 -212
855 257
257 69
-1361 -256
-861 -861
-450 265
-388 126
370 -187
-421 -440
-849 -624
37 -10
-265 -114
-958 169
622 63
-15 -17
-121 151
-880 -896
-656 -546
-534 641
858 63
716 -433
-67 10
-383 436
-987 899
549 -112
455 -170
506 324
138 -26
-124 150
458 -80
-503 512
431 8
-1668 -65
-402 67
-294 -319
-521 -543
-658 -78
-506 -509
-929 100
-223 144
-404 227
-27 45
253 -87
-4 13
-620 233
313 -79
-681 98
-272 -242
-216 390
-1193 -838
-476 282
-240 268
21 19
6 -1
420 -37
-828 -823
741 -295
156 -32
-555 -512
112 26
-843 -46
-27 57
-743 496
296 -35
-475 -172
-277 456
173 129
-682 -534
1035 -410
-279 -31
65 -24
218 -12
103 37
391 -59
350 -172
-168 8
-426 -201
-92 -113
410 -189
332 -165
437 -213
-202 411
-760 730
-869 -324
-810 -779
-59 -36
320 -7
-549 98
322 -47
-838 -354
35 -30
-331 -147
-325 -267
-786 -742
-561 -498
-283 -235
-483 -489
-222 -154
713 -350
-847 -854
-790 -581
23 35
-934 -920
1167 666
-87 149
-229 301
-323 -232
-1043 -415
642 -115
-21 52
176 49
-71 71
-1245 -423
-74 -24
319 -227
-169 231
-1134 -867
52 -25
531 43
-174 -93
147 119
81 -57
-90 -59
-278 379
0 8
57 29
-1022 -986
728 -420
-790 -806
-903 604
-113 -132
-499 -427
-372 -395
-642 -231
-239 -227
-450 0
-469 526
619 394
-136 5
-41 61
318 -248
-669 -510
-602 -50
-642 -652
405 -120
-91 -76
-494 -323
150 -43
379 7
125 29
481 -38
-928 -322
-501 -107
-773 437
-253 446
-1023 1322
201 -40
-755 394
111 -22
-268 292
-13 -5
96 37
-42 16
204 -120
-752 -260
-1011 -172
-747 -127
512 20
-316 454
-458 347
-638 -98
502 -74
-935 568
325 -16
-1012 -964
-295 -116
270 -179
-875 954
778 -211
311 -142
-406 158
-490 -171
744 183
-1060 0
-319 -16
166 -23
-230 137
-505 -338
-292 -193
-557 184
303 -52
-831 33
-584 373
-537 -165
-247 -164
98 -10
530 160
-617 380
-513 -530
903 -344
-185 81
-321 9
-449 378
122 -62
-169 27
-1494 199
-752 -104
-3 5
-34 26
-10 -23
-133 243
-727 -620
-349 220
-796 215
542 -433
-743 -573
199 160
-642 -455
-6 0
-1158 -590
21 20
454 -309
53 -41
169 146
-220 202
151 48
-220 -242
-150 -168
17 -3
678 65
194 2
119 -81
-197 341
-454 -277
-1060 -539
-1191 -1179
-528 408
-11 28
-1256 -1044
-176 -182
23 -13
773 -643
495 179
74 6
-474 420
-960 -450
