-44
9
-2
41
102
315
153
157
-62
322
-72
-120
125
232
-236
-78
-43
-60
-32
92
-201
120
5
-17
-35
184
-63
150
-111
-2
-5
209
-35
9
-54
-213
26
-96
73
-92
-176
-10
158
184
10
-21
-57
-91
5
-88
93
9
223
-11
-39
-380
173
-137
-16
10
43
-59
-131
-215
7
50
-137
-282
13
-40
-58
-68
-7
-9
-67
-15
-162
105
-20
92
-2
-281
-85
-342
6
-59
187
-111
-419
25
64
24
1
-293
9
-74
181
4
-252
-197
-70
-40
58
-188
-39
50
-184
140
169
-71
27
-166
-223
-118
-1
30
13
8
-220
-17
58
-31
-115
-18
-346
36
-256
153
-90
-275
200
185
146
-143
85
-124
-157
23
-48
-163
66
-213
-57
236
-211
108
-81
-454
180
4
-94
-16
-5
-51
66
13
-37
-288
-28
-6
38
-233
-122
-41
9
-11
42
87
23
-9
227
-36
-403
-121
290
-45
69
30
-27
-27
-38
0
137
-3
41
-58
17
-104
-83
-70
-126
-28
117
2
-73
198
-38
-26
-17
-83
-98
-76
120
32
-210
-289
-62
-150
-74
-81
148
33
172
-16
48
-21
198
-29
-207
-43
-164
-15
-66
26
2
-50
-75
-30
-96
112
-50
37
116
-116
-19
-153
-201
-59
-121
-76
-58
-148
-11
13
-9
62
-63
-221
112
-25
65
19
33
16
0
-128
-6
58
100
26
217
-94
-10
7
61
-72
163
85
355
-33
61
53
-2
22
38
-105
156
-35
-86
-45
-269
55
75
-20
-337
-76
-99
127
-40
217
152
-40
-38
-156
281
-39
-62
235
0
25
60
-94
6
-27
4
3
-6
-48
-205
-36
246
-50
10
-71
31
-18
3
-176
218
0
-84
148
-248
6
128
-143
-71
-22
-53
67
-20
-29
-58
26
-73
38
-16
-279
-132
-155
-21
35
-153
-98
-57
-95
-62
148
-46
167
55
233
-63
6
147
-29
-68
-74
261
-92
-66
-101
98
-212
-46
149
-31
-74
-92
-68
63
-106
-83
-64
-53
-208
44
-2
-259
-14
-41
-45
40
-54
-148
98
-7
-61
-183
-45
-16
-40
-35
27
186
35
179
-356
7
-3
13
-42
-1
-103
-52
-74
40
22
-24
-169
-93
-17
-1
89
-234
-143
-172
-53
80
137
106
-37
13
-248
53
-147
98
137
-201
-58
93
5
26
-121
-56
-122
75
127
-95
-52
48
79
-47
-77
-139
-42
-12
-22
96
-68
-65
-26
-14
138
10
-45
-28
-66
-16
-55
-303
56
63
-5
126
15
-48
14
380
27
30
-134
-380
-172
82
-112
-19
76
-56
-54
-363
-89
105
56
123
147
-252
29
144
106
2
-25
96
-141
-301
-34
-222
-141
-124
-92
