95
55
77
50
194
712
328
292
161
371
176
202
336
234
433
83
49
105
39
242
505
366
57
1
36
206
94
246
183
50
23
480
113
54
292
305
85
134
220
116
315
27
235
485
80
72
135
94
48
104
354
16
520
-9
58
829
407
380
-14
168
198
147
277
456
65
144
175
477
51
78
166
117
86
35
103
57
372
127
13
152
70
475
164
593
219
83
330
163
517
42
135
233
22
771
145
173
371
33
453
270
213
60
329
510
131
178
351
151
296
152
328
174
430
183
52
42
53
64
271
64
161
104
373
14
377
139
472
214
203
349
297
416
210
279
172
198
173
46
204
228
301
421
90
616
288
226
271
685
215
37
148
262
23
69
134
40
178
563
60
29
56
431
279
70
28
40
152
200
62
35
255
66
714
197
481
90
98
87
80
65
42
56
165
34
136
212
22
122
88
126
235
64
242
48
105
208
160
60
23
346
369
91
185
33
365
372
63
174
122
155
339
52
338
91
155
52
418
33
407
48
257
40
117
38
24
60
83
56
272
376
60
132
329
168
105
279
218
104
263
166
87
346
9
100
10
99
74
264
268
31
137
44
192
64
0
130
39
98
182
167
234
119
54
258
74
178
221
114
732
49
120
218
30
89
98
213
175
39
154
133
410
102
92
29
487
189
188
187
45
469
176
103
99
276
643
162
116
337
159
43
173
188
78
215
134
8
33
137
339
42
533
96
85
97
101
13
21
285
357
126
167
309
365
115
236
167
321
43
74
141
134
59
100
139
221
72
-5
402
235
178
23
78
319
210
171
202
70
169
80
284
142
617
226
92
296
37
221
188
639
147
387
236
262
260
108
419
40
106
225
208
151
182
142
73
83
338
55
6
593
32
57
107
85
312
231
405
29
133
516
122
-13
52
37
64
473
54
597
713
11
67
37
173
9
123
59
101
109
34
41
348
113
35
15
133
360
334
201
102
518
489
165
60
108
297
286
256
102
404
225
239
135
17
105
181
319
153
167
216
131
67
111
218
135
290
254
173
29
35
208
431
72
57
34
195
59
55
189
76
-10
59
340
102
145
79
240
47
64
51
380
85
339
266
695
237
200
292
-16
100
73
64
799
172
109
137
245
244
369
33
315
169
94
27
214
206
517
62
384
339
371
176
