28
-15
20
-38
20
12
-15
14
-1
-10
-40
37
-45
22
-12
-19
-4
-49
-3
-17
-11
28
32
-31
48
33
20
25
-26
12
-8
-21
-43
8
12
18
32
-34
18
-11
-28
25
43
-40
34
29
-22
31
-13
-29
9
-20
14
16
15
44
47
-28
33
-6
-10
-29
25
-24
44
21
23
-34
10
-16
-50
40
-33
45
10
-9
-7
-17
-20
-40
10
-17
-47
-24
-32
-31
-49
23
36
49
20
15
14
16
24
9
33
-14
6
-40
-31
16
43
-43
-40
-47
29
-42
41
11
-39
-38
16
-17
-39
33
-25
-25
49
-36
22
-32
10
-3
-41
34
-30
34
-6
-39
-17
48
19
44
-43
11
21
-31
44
14
-8
-19
-43
-21
-25
15
22
-37
41
27
-32
-8
-1
15
11
43
-10
-32
-42
18
-48
-30
-41
36
-20
-9
19
-26
-40
-15
11
43
-13
15
-43
41
33
-42
31
-27
41
6
8
24
-45
-12
-22
-9
-9
-29
19
30
-36
33
-43
13
40
-47
17
-33
48
36
31
-16
-40
49
21
28
27
-14
44
-6
-46
46
46
37
-28
35
-12
-17
-14
-32
47
-37
9
-50
6
-16
-26
-45
20
36
-32
31
12
25
35
15
13
7
-12
-31
-20
-22
-25
-2
44
33
30
11
10
29
27
-1
28
44
46
-36
38
-43
-2
16
47
33
-23
-8
-14
-32
16
29
-50
14
-29
39
44
-22
-25
-42
-2
-5
-43
-12
-16
-17
-25
-37
-50
-36
22
-47
-3
-25
-42
-43
40
-20
40
24
8
-24
33
-36
-20
-50
26
-49
48
-48
-35
41
-15
-23
-27
23
-39
8
-27
-32
-10
32
47
22
6
39
28
-6
46
46
-34
-2
48
13
-48
30
-34
35
-29
10
-2
-34
37
-9
-33
-43
-28
-42
-43
36
-5
-22
-7
-12
-6
10
-36
-25
-41
14
-38
-36
27
-14
44
-33
-17
17
26
12
-15
35
47
-26
-18
7
-1
33
-12
-24
36
-31
-5
-7
48
14
-21
24
-34
-4
-29
-36
48
-18
23
-25
43
18
-47
-25
-11
14
45
21
-43
-32
46
32
7
-31
-21
-8
-14
30
10
12
8
14
-5
-44
-5
-13
-49
-6
47
-11
-26
-29
38
16
-48
-43
8
27
-48
25
31
47
-20
-39
-9
26
17
-21
-1
9
-37
27
-17
15
37
-50
-18
14
47
-20
-24
-9
-45
-36
13
-39
41
-33
35
-33
-11
-46
-5
-30
-20
-38
30
31
-36
40
23
8
30
35
30
48
30
12
-5
20
-4
41
-2
-18
47
-18
-25
-35
-33
-3
-5
36
17
7
10
-24
-39
47
21
25
30
-11
-38
-15
-17
38
-19
-47
-32
-16
-25
47
-15
-3
-18
-21
49
48
24
-40
-14
-30
-46
20
19
-26
-47
-21
29
7
8
-31
-40
28
35
46
-28
-7
-33
27
-16
27
-13
25
-1
-34
16
-35
-21
-33
44
46
-20
-2
29
43
-15
14
-7
45
-36
29
-10
-3
-14
41
13
-18
-36
30
15
28
-26
18
-14
12
11
46
21
28
33
23
13
-37
-5
34
39
-38
-20
45
-19
41
-13
-47
-49
-4
-11
-47
37
-40
-48
-41
-36
-23
22
42
38
36
35
28
30
-3
-47
-36
-24
-29
-26
-5
15
46
-4
-24
-28
20
39
-15
-11
29
12
-21
7
-43
41
-20
-1
43
-32
25
-45
8
25
11
28
32
-10
27
-7
34
-1
40
-2
35
35
-37
-20
30
23
48
13
19
-1
26
-42
-23
26
-1
-2
44
-46
7
39
23
-5
-48
41
-36
15
19
28
-20
33
31
17
-24
-6
31
34
-3
25
-28
-9
-33
49
17
-31
30
9
-48
-50
-15
44
-24
37
-21
39
21
-3
-50
-10
-49
-43
-22
-14
-40
40
-11
-28
48
11
-5
37
17
18
39
-30
21
-36
10
-24
9
-20
-2
36
34
36
-4
48
-47
-14
-5
-20
10
-32
21
15
-27
7
-24
-50
-5
44
29
-12
43
36
-22
37
-21
45
-32
13
13
29
26
39
-49
38
-41
32
-31
45
12
-15
48
10
47
-33
23
25
23
27
30
-38
-6
-20
-30
-6
38
-32
20
33
15
40
-38
-1
-39
17
-44
47
-21
19
-48
10
16
-14
36
19
-33
31
-36
35
-35
-44
45
-43
-8
7
-12
38
40
-41
43
12
17
-43
22
-39
-16
16
45
36
-24
49
-16
-17
29
-39
39
-2
-16
24
33
44
-17
19
-14
9
34
-4
-20
46
8
33
29
34
-36
-46
21
-24
-50
-23
-24
-4
-9
-38
-17
9
16
36
-46
-33
8
-8
-49
14
-47
-23
24
-44
15
-41
-12
21
35
48
-50
17
18
-42
45
-40
30
17
18
-35
-1
-11
-39
-48
-17
34
22
-9
43
14
27
-36
31
38
32
31
45
-48
-44
-41
18
-29
-28
16
48
38
44
23
-21
-21
-43
-7
31
-1
-37
-46
-2
-16
-44
30
-11
48
8
-42
13
-35
-42
6
48
14
-17
-2
40
-32
-30
8
-39
-21
-4
19
-12
-18
-1
34
-25
-10
15
39
-18
31
36
47
24
-42
-41
27
16
30
-22
23
-46
39
9
13
-36
-9
-7
29
-13
17
22
45
29
-23
-7
-41
-16
-19
-32
-35
40
48
15
9
-37
30
6
-27
-35
-43
48
36
31
32
-34
-1
-9
-19
9
6
40
-45
-41
-30
33
-7
-27
20
-24
-15
-45
44
41
41
40
15
25
24
-32
47
-42
39
-9
-8
-11
22
-16
-12
-45
13
12
13
-8
-45
27
-37
-50
-27
25
-9
-29
29
-32
-28
-23
-34
-21
-18
49
-18
-45
-3
-8
-19
-1
14
-44
-12
46
-43
27
-30
35
-27
-16
-36
8
-48
-42
41
18
-18
-24
-9
30
-36
-38
-20
-20
41
46
-40
16
25
-32
47
-8
21
-21
-41
-1
-25
-16
-34
47
-1
36
41
-22
-50
-25
-40
27
-1
-10
-42
41
-6
-11
-37
21
-40
-22
41
-7
-47
6
-1
-8
-48
-39
-47
-8
48
-41
29
45
-35
17
29
46
11
-27
18
-23
-18
-38
-21
-10
11
49
46
28
32
10
-29
-34
-3
43
28
-5
43
24
32
40
10
10
-28
-9
-3
18
16
-34
26
-6
24
-23
-3
-17
34
-7
40
21
-42
-11
9
-20
-5
-16
38
48
-5
17
39
-12
6
13
18
-33
21
-24
25
22
-50
-44
-48
-15
-31
31
-22
-12
-10
-30
-26
-14
17
19
-25
15
-40
33
-5
19
20
-26
-19
-33
-19
6
16
32
-22
32
14
-5
-44
-19
36
49
41
-24
-30
20
-31
-18
-28
-44
28
-5
-50
-29
-40
45
-38
29
-15
-29
-37
44
-6
36
-13
-20
40
10
-32
46
-14
43
-25
15
-23
-1
-9
-9
32
-15
20
-31
47
-31
-24
-23
28
34
-9
-46
-12
35
-42
20
-23
22
-43
-20
19
-8
-29
32
32
-2
-50
13
-38
-22
-3
21
11
23
28
30
-27
-28
47
-8
-14
10
47
-50
-12
30
-49
18
-40
47
40
36
21
-24
-41
-15
30
19
-11
35
-4
37
-19
-26
-30
9
24
-14
18
24
-30
14
-11
18
-41
18
22
-30
-32
-46
48
-22
25
-26
-18
25
-26
26
44
-35
15
46
34
-3
13
20
11
12
-28
37
35
-26
-7
-35
-15
31
17
-27
-22
-12
49
-42
22
-14
-11
-42
-10
22
-13
-47
