26
-8
24
-14
-30
35
-38
-31
-11
30
-34
16
11
32
16
14
32
-42
-9
-32
-30
11
-5
-29
-41
-23
-27
-32
44
35
-16
-41
-1
6
-1
-38
-10
13
-3
32
17
-8
-29
11
-42
11
-38
-17
-23
44
-9
6
-4
44
-14
-29
34
9
-19
24
6
29
-18
18
-50
34
-15
-35
28
-6
-26
-39
-21
-43
6
-19
35
10
30
-3
45
49
34
37
-28
-37
34
8
-27
17
19
11
-43
18
36
9
-11
-50
-20
22
-47
22
31
-3
14
-8
32
39
36
-11
49
7
-4
12
7
37
-37
-1
-22
29
18
-16
19
-21
-26
-1
-38
14
-38
-25
10
30
-27
-30
-4
15
-14
19
31
19
-34
11
-30
-48
-1
44
-3
12
23
39
-15
-15
-20
26
41
-36
-41
27
41
-4
17
-41
-20
-39
31
9
42
-1
-12
8
-12
13
19
-1
13
-3
36
9
-29
46
-50
18
-21
11
-18
-44
38
45
30
-45
18
-5
7
21
-13
-10
-27
16
-19
-8
46
-2
34
-3
-12
-34
-26
36
31
-37
-26
-4
-13
16
-35
-40
-39
47
-48
25
27
28
33
-32
-5
36
42
-12
45
-25
-16
-45
-19
